0 0.334375 0.74921875 0.0390625 0.0203125
2 0.509375 0.81796875 0.0140625 0.0125
2 0.44375 0.70078125 0.0265625 0.00625
2 0.625 0.7703125 0.0140625 0.0078125
2 0.54453125 0.72421875 0.0203125 0.0125
2 0.4921875 0.7140625 0.0234375 0.0125
2 0.440625 0.7640625 0.0078125 0.0125
2 0.43359375 0.675 0.0296875 0.0078125
2 0.56875 0.73984375 0.0328125 0.0515625
2 0.546875 0.7 0.0375 0.025
2 0.51015625 0.696875 0.025 0.0140625
2 0.51875 0.71640625 0.0234375 0.015625
2 0.5296875 0.678125 0.021875 0.015625
2 0.39765625 0.69453125 0.025 0.0125