2 0.62578125 0.825 0.09375 0.0421875
2 0.68203125 0.79609375 0.06875 0.03125
0 0.68359375 0.7515625 0.0609375 0.040625
0 0.49921875 0.77578125 0.06875 0.0390625
0 0.528125 0.734375 0.0546875 0.04375
2 0.58203125 0.7546875 0.053125 0.05625
2 0.59296875 0.7125 0.04375 0.028125
2 0.40078125 0.74921875 0.040625 0.034375
2 0.50234375 0.7 0.0203125 0.021875
2 0.55859375 0.6453125 0.028125 0.0203125
2 0.67578125 0.67578125 0.046875 0.0296875
2 0.63359375 0.725 0.01875 0.025
2 0.6421875 0.6609375 0.0171875 0.03125
2 0.4609375 0.72109375 0.0296875 0.028125