2 0.228125 0.77421875 0.0546875 0.0484375
2 0.28671875 0.728125 0.053125 0.04375
0 0.12734375 0.7359375 0.05 0.040625
2 0.11796875 0.78125 0.0453125 0.034375
2 0.18203125 0.7640625 0.05625 0.0671875
2 0.18671875 0.721875 0.04375 0.0421875
2 0.2265625 0.7140625 0.0375 0.034375
2 0.29296875 0.79296875 0.04375 0.05625
2 0.22734375 0.65 0.071875 0.0421875
2 0.07421875 0.665625 0.03125 0.05625
2 0.0046875 0.70078125 0.009375 0.025
2 0.00390625 0.653125 0.0078125 0.0296875
2 0.01953125 0.615625 0.034375 0.0234375