2 0.5921875 0.76953125 0.09375 0.028125
0 0.64453125 0.721875 0.053125 0.025
0 0.48671875 0.73203125 0.0515625 0.0265625
0 0.51328125 0.70703125 0.0421875 0.021875
2 0.55546875 0.721875 0.046875 0.0296875
2 0.56953125 0.69140625 0.034375 0.03125
2 0.4015625 0.715625 0.03125 0.025
2 0.62890625 0.75 0.0734375 0.0203125
2 0.54296875 0.634375 0.0203125 0.0125
2 0.4890625 0.67890625 0.0109375 0.01875
2 0.4515625 0.696875 0.0390625 0.028125
2 0.6484375 0.66015625 0.0390625 0.028125
2 0.615625 0.6484375 0.0171875 0.0203125
2 0.74453125 0.671875 0.05625 0.034375
2 0.5625 0.6578125 0.021875 0.0125
2 0.75625 0.709375 0.028125 0.0203125
2 0.6015625 0.6984375 0.0140625 0.015625
2 0.50859375 0.765625 0.0703125 0.025