2 0.61796875 0.8125 0.0171875 0.0171875
2 0.4984375 0.78828125 0.0171875 0.0171875
2 0.53515625 0.78984375 0.0234375 0.015625
2 0.36484375 0.86015625 0.0484375 0.021875
2 0.3296875 0.884375 0.0375 0.0375
2 0.38671875 0.90625 0.0265625 0.0203125
2 0.45625 0.85234375 0.0265625 0.0609375
2 0.67578125 0.9453125 0.0515625 0.0390625
2 0.85390625 0.9 0.0671875 0.059375
2 0.7265625 0.8734375 0.065625 0.040625
2 0.5984375 0.8234375 0.015625 0.021875
2 0.60078125 0.84765625 0.028125 0.0125
2 0.58046875 0.80078125 0.01875 0.01875
2 0.590625 0.76640625 0.0375 0.01875