0 0.6640625 0.73671875 0.0546875 0.04375
0 0.51484375 0.7265625 0.040625 0.0359375
0 0.50859375 0.765625 0.0546875 0.0515625
2 0.56484375 0.7359375 0.05625 0.04375
2 0.63515625 0.803125 0.0796875 0.0671875
2 0.6703125 0.7734375 0.0546875 0.034375
2 0.41171875 0.75078125 0.0375 0.0296875
2 0.46015625 0.725 0.0359375 0.04375
2 0.54296875 0.65 0.034375 0.025
2 0.6625 0.675 0.05 0.0203125
2 0.57734375 0.7046875 0.040625 0.0203125
2 0.49375 0.69765625 0.025 0.0171875
2 0.46015625 0.61953125 0.015625 0.0234375
2 0.8671875 0.71875 0.0625 0.03125
2 0.74765625 0.6875 0.06875 0.0515625
2 0.75625 0.6203125 0.046875 0.0375