2 0.35 0.74296875 0.0171875 0.0109375
2 0.37421875 0.740625 0.015625 0.0109375
2 0.40234375 0.7390625 0.015625 0.0078125
2 0.371875 0.75078125 0.01875 0.0078125
2 0.3265625 0.7359375 0.01875 0.0125
2 0.41875 0.7203125 0.0203125 0.0109375
2 0.4828125 0.69453125 0.0375 0.0203125
2 0.4890625 0.67734375 0.0234375 0.0140625
2 0.47421875 0.6671875 0.0140625 0.0078125
2 0.4609375 0.671875 0.00625 0.0203125
2 0.45078125 0.68671875 0.00625 0.0359375
2 0.5484375 0.73515625 0.059375 0.0265625
2 0.5046875 0.6671875 0.028125 0.0140625
2 0.48828125 0.78359375 0.03125 0.028125