2 0.93984375 0.81015625 0.10625 0.1109375
2 0.75859375 0.7828125 0.125 0.0765625
2 0.540625 0.7140625 0.0515625 0.0234375
2 0.56875 0.70234375 0.0328125 0.015625
2 0.50625 0.68359375 0.0453125 0.0265625
2 0.5 0.6390625 0.0203125 0.009375
2 0.40703125 0.69453125 0.025 0.0109375
2 0.65078125 0.65546875 0.053125 0.0234375
2 0.584375 0.653125 0.028125 0.015625
2 0.43984375 0.68125 0.0203125 0.0171875
2 0.46640625 0.67578125 0.0203125 0.0234375
2 0.6578125 0.76953125 0.0546875 0.0234375
2 0.88203125 0.8765625 0.0328125 0.021875