2 0.68203125 0.8125 0.1 0.04375
2 0.8296875 0.8515625 0.1015625 0.0921875
2 0.50859375 0.75390625 0.04375 0.034375
0 0.53828125 0.7359375 0.025 0.015625
0 0.459375 0.72421875 0.028125 0.015625
2 0.49453125 0.71953125 0.01875 0.021875
2 0.44375 0.7578125 0.0296875 0.025
2 0.5921875 0.7953125 0.0484375 0.0203125
2 0.5296875 0.81484375 0.03125 0.034375
2 0.4671875 0.78671875 0.046875 0.0203125
2 0.56484375 0.74921875 0.0171875 0.0171875
2 0.61796875 0.77109375 0.0234375 0.0125
2 0.67890625 0.7609375 0.0421875 0.015625
2 0.746875 0.7734375 0.03125 0.0171875