0 0.72109375 0.77578125 0.075 0.059375
2 0.5421875 0.771875 0.0609375 0.046875
2 0.59921875 0.7828125 0.08125 0.05625
2 0.7234375 0.8296875 0.1046875 0.0390625
2 0.40703125 0.7953125 0.053125 0.040625
2 0.46015625 0.7609375 0.0390625 0.0546875
2 0.61171875 0.7359375 0.05 0.0296875
2 0.56015625 0.659375 0.0484375 0.028125
2 0.796875 0.70078125 0.090625 0.059375
2 0.940625 0.746875 0.11875 0.071875
2 0.790625 0.62421875 0.0734375 0.053125
2 0.503125 0.74765625 0.028125 0.10625
2 0.4078125 0.75390625 0.0515625 0.05