2 0.42265625 0.7359375 0.03125 0.03125
2 0.47890625 0.7265625 0.0359375 0.0203125
2 0.625 0.775 0.084375 0.05
2 0.6234375 0.73671875 0.0546875 0.034375
2 0.73828125 0.8171875 0.1 0.0640625
2 0.69375 0.75234375 0.04375 0.0203125
2 0.48984375 0.771875 0.0265625 0.0203125
0 0.50703125 0.71640625 0.0234375 0.0109375
2 0.42890625 0.71484375 0.01875 0.0078125
2 0.46484375 0.70390625 0.01875 0.0140625
2 0.5609375 0.73515625 0.0125 0.0078125
2 0.54453125 0.76484375 0.04375 0.0234375
2 0.51328125 0.69375 0.028125 0.0140625
2 0.57421875 0.74296875 0.0171875 0.0078125
2 0.54375 0.73359375 0.0125 0.0109375
2 0.5671875 0.7140625 0.0203125 0.015625