2 0.28359375 0.83203125 0.053125 0.028125
2 0.3296875 0.8 0.0390625 0.034375
2 0.2515625 0.815625 0.075 0.0296875
2 0.28359375 0.7875 0.05625 0.0390625
2 0.2328125 0.78828125 0.040625 0.0234375
2 0.00078125 0.8078125 0.0015625 0.003125
2 0.26015625 0.87890625 0.053125 0.0359375
2 0.34375 0.84765625 0.0578125 0.0296875
2 0.36171875 0.78203125 0.03125 0.021875
2 0.39453125 0.85546875 0.0265625 0.0140625
2 0.1765625 0.83203125 0.0453125 0.0375
2 0.2625 0.73046875 0.08125 0.028125
0 0.17578125 0.78671875 0.046875 0.0328125