2 0.25859375 0.753125 0.0484375 0.0390625
2 0.3078125 0.71640625 0.04375 0.028125
0 0.1640625 0.73359375 0.0421875 0.034375
2 0.21640625 0.75625 0.0484375 0.0546875
2 0.16015625 0.77109375 0.0375 0.028125
2 0.2171875 0.7140625 0.04375 0.03125
2 0.24921875 0.70390625 0.03125 0.034375
2 0.23671875 0.64765625 0.065625 0.0234375
2 0.05625 0.81640625 0.0328125 0.03125
2 0.09609375 0.66796875 0.0296875 0.04375
2 0.00859375 0.7453125 0.0171875 0.04375
2 0.021875 0.65625 0.0234375 0.0375
2 0.02265625 0.70234375 0.0453125 0.0234375
2 0.03828125 0.628125 0.0359375 0.03125