2 0.68125 0.815625 0.090625 0.065625
2 0.82578125 0.85234375 0.1171875 0.0921875
2 0.51015625 0.7515625 0.04375 0.025
0 0.5390625 0.7359375 0.03125 0.015625
2 0.45625 0.734375 0.015625 0.0109375
2 0.4953125 0.71640625 0.021875 0.0203125
2 0.4453125 0.76171875 0.0296875 0.03125
2 0.5625 0.74765625 0.0171875 0.009375
2 0.584375 0.75703125 0.009375 0.0078125
2 0.53046875 0.815625 0.0359375 0.021875
2 0.590625 0.80078125 0.0609375 0.0296875
2 0.42734375 0.71875 0.028125 0.0125
2 0.39765625 0.7234375 0.0265625 0.0078125
2 0.4796875 0.69375 0.03125 0.0109375
2 0.67890625 0.76015625 0.0390625 0.0234375
2 0.3296875 0.71484375 0.0703125 0.01875