2 0.61015625 0.82109375 0.06875 0.0421875
2 0.4921875 0.85 0.0828125 0.0703125
0 0.6375 0.7796875 0.04375 0.025
0 0.5234375 0.7640625 0.0453125 0.0203125
0 0.50703125 0.7828125 0.05 0.0203125
2 0.4796875 0.7484375 0.046875 0.034375
2 0.56953125 0.746875 0.0375 0.0234375
2 0.51328125 0.68125 0.040625 0.01875
2 0.7375 0.76953125 0.0234375 0.01875
2 0.7 0.75078125 0.0203125 0.0125
2 0.615625 0.68828125 0.021875 0.015625
2 0.54296875 0.7015625 0.03125 0.0171875
2 0.6390625 0.728125 0.0328125 0.0203125
2 0.421875 0.7640625 0.0265625 0.015625
2 0.81953125 0.77890625 0.0546875 0.0359375
2 0.9125 0.9109375 0.125 0.0703125