2 0.35859375 0.746875 0.05 0.05625
2 0.4890625 0.72890625 0.0578125 0.025
2 0.48046875 0.79140625 0.0484375 0.05
2 0.36328125 0.6828125 0.0515625 0.025
2 0.50703125 0.68359375 0.0375 0.028125
2 0.51875 0.7078125 0.0359375 0.0125
2 0.54609375 0.7671875 0.0390625 0.0265625
2 0.53515625 0.7875 0.01875 0.0140625
2 0.48125 0.83203125 0.0171875 0.015625
2 0.5578125 0.72265625 0.0203125 0.0109375
2 0.5328125 0.73359375 0.028125 0.0359375
2 0.5578125 0.74140625 0.0203125 0.0234375
2 0.59375 0.78984375 0.03125 0.0484375
2 0.4703125 0.709375 0.034375 0.015625